SINGLE   ARG   NH1   CZ   NH2   LG1   OOC   COO   OH ### REMARK 1h5x_IM2.pdb ARG250 IM2 Packing score: -1.550038 Hbond score: 0.000000
RT -0.899336 -0.289479 -0.327714 0.287638 -0.956145 0.0552339 -0.329331 -0.044589 0.943161 2.88956 2.47824 0.505708  
SINGLE   PHE   CE1   CZ   CE2   LG1   OH   CH1   CH2 ### REMARK 3ial_GOL.pdb PHE241 GOL Packing score: -1.159566 Hbond score: 0.000000
RT -0.504475 -0.862274 0.044585 -0.155045 0.141265 0.977755 -0.849391 0.486341 -0.204956 6.6789 2.45409 -0.144688  
SINGLE   GLN   OE1   CD   NE2   LG1   OOC   S   OOC ### REMARK 2qce_SO4.pdb GLN430 SO4 Packing score: -1.025613 Hbond score: 0.000000
RT 0.715448 0.192483 -0.671628 -0.264076 -0.815488 -0.515017 -0.646837 0.545829 -0.53261 -4.68563 1.49873 0.962066  
SINGLE   SER   OG   CB   CA   LG1   aroC   CH1   CH3 ### REMARK 1mps_BCL.pdb SER244 BCL Packing score: -2.523823 Hbond score: 0.000000
RT 0.269027 0.0114907 0.963064 0.232179 0.969666 -0.0764275 -0.934728 0.244164 0.258199 3.25511 -0.71108 -3.5711  
SINGLE   THR   OG1   CB   CG2   LG1   OOC   Phos   OOC ### REMARK 5zjk_PO4.pdb THR89 PO4 Packing score: -1.175045 Hbond score: 0.000000
RT 0.34368 -0.358211 0.868083 -0.512812 0.702807 0.493037 -0.786707 -0.614611 0.0578457 3.16739 1.03515 3.12267  
SINGLE   TYR   CE1   CZ   CE2   LG1   CH2   CH1   Nlys ### REMARK 3h3l_TRS.pdb TYR137 TRS Packing score: -2.526322 Hbond score: 0.000000
RT 0.552854 0.809354 0.19824 -0.224536 0.373799 -0.899921 -0.802456 0.453013 0.388386 0.513222 2.32766 4.64247  
SINGLE   TYR   CE1   CZ   CE2   LG1   Nhis   aroC   CH3 ### REMARK 5cf5_50W.pdb TYR931 50W Packing score: -3.262276 Hbond score: 0.000000
RT 0.324022 -0.892266 0.314437 0.88624 0.402583 0.22914 -0.331041 0.204421 0.921208 0.224916 -4.17152 -1.17819  
SINGLE   LYS   NZ   CE   CD   LG1   OOC   S   OOC ### REMARK 4koo_MES.pdb LYS177 MES Packing score: -1.536987 Hbond score: 0.000000
RT 0.11837 -0.901976 0.415243 -0.566966 -0.404707 -0.717469 0.815192 -0.150502 -0.559296 2.47142 2.29092 -3.08642  
SINGLE   PHE   CE1   CZ   CE2   LG1   CH2   CH2   CH2 ### REMARK 4bnm_TCU.pdb PHE204 TCU Packing score: -1.720512 Hbond score: 0.000000
RT -0.441697 0.86987 -0.219615 -0.72941 -0.205656 0.652432 0.522365 0.448366 0.725329 6.03513 1.58339 -1.95496  
SINGLE   PHE   CE1   CZ   CE2   LG1   Nhis   Nhis   CH2 ### REMARK 6h14_FW8.pdb PHE330 FW8 Packing score: -7.561296 Hbond score: 0.000000
RT -0.929597 -0.359442 0.0815458 0.0165462 0.180325 0.983468 -0.368205 0.915579 -0.161682 2.10202 -3.27534 1.30261  
SINGLE   MET   CG   SD   CE   LG1   aroC   aroC   aroC ### REMARK 2uzt_SS3.pdb MET120 SS3 Packing score: -2.571863 Hbond score: 0.000000
RT 0.714874 0.570009 0.405025 -0.62968 0.272885 0.727349 0.30407 -0.774999 0.554002 -2.80019 1.59858 -3.49499  
SINGLE   GLU   OE1   CD   OE2   LG1   OH   CH1   CH2 ### REMARK 3x3z_GOL.pdb GLU347 GOL Packing score: -1.011628 Hbond score: 0.000000
RT -0.319829 -0.933058 -0.164659 0.114935 0.134297 -0.984253 0.940478 -0.333718 0.0642894 3.0144 2.17445 -2.49976  
SINGLE   TYR   CE1   CZ   CE2   LG1   CH2   CH2   CH3 ### REMARK 5b0l_BNG.pdb TYR35 BNG Packing score: -1.372711 Hbond score: 0.000000
RT -0.645704 -0.115942 -0.754734 0.763295 -0.070652 -0.642175 0.0211313 -0.99074 0.134118 7.33158 -8.64328 -3.55295  
SINGLE   TYR   CE1   CZ   CE2   LG1   OH   CH1   CH2 ### REMARK 1s2p_MPD.pdb TYR97 MPD Packing score: -2.544582 Hbond score: 0.000000
RT -0.864585 0.25195 -0.434758 0.00670988 -0.859347 -0.511349 -0.502442 -0.445022 0.741288 1.07841 -0.677542 4.07453  
SINGLE   TRP   CG   CD2   CE2   LG1   CH2   OH   CH2 ### REMARK 2y2v_ME2.pdb TRP286 ME2 Packing score: -4.059866 Hbond score: 0.000000
RT -0.877404 0.186292 0.442106 -0.27244 -0.952001 -0.139536 0.394891 -0.242876 0.886043 -2.08031 2.18521 -3.51662  
SINGLE   GLU   OE1   CD   OE2   LG1   OH   CH2   CH2 ### REMARK 2vr4_EDO.pdb GLU243 EDO Packing score: -1.448048 Hbond score: 0.000000
RT 0.0960406 0.533173 -0.840537 0.558613 -0.727794 -0.397829 -0.82385 -0.431327 -0.367735 1.00482 -1.65077 -3.34971  
SINGLE   ILE   CG1   CB   CG2   LG1   Nhis   aroC   aroC ### REMARK 3uli_1N3.pdb ILE10 1N3 Packing score: -3.749717 Hbond score: 0.000000
RT -0.948332 0.305337 0.0862308 -0.170724 -0.720159 0.672476 0.267431 0.623009 0.735079 2.50757 -1.85239 -3.61056  
SINGLE   ASN   OD1   CG   ND2   LG1   OOC   S   OOC ### REMARK 6ets_SO4.pdb ASN65 SO4 Packing score: -1.746132 Hbond score: 0.000000
RT -0.139919 -0.769854 0.622693 -0.708845 0.516973 0.479873 -0.691348 -0.37425 -0.618041 0.959993 3.32668 1.52957  
SINGLE   PHE   CE1   CZ   CE2   LG1   CH1   CH2   OH ### REMARK 3ndy_BTB.pdb PHE321 BTB Packing score: -1.048194 Hbond score: 0.000000
RT 0.418205 0.588527 0.691911 -0.802299 -0.117855 0.585172 0.425935 -0.799841 0.422887 2.44662 -1.40895 3.64943  
SINGLE   LEU   CD1   CG   CD2   LG1   OH   CH2   CH2 ### REMARK 5f0v_EDO.pdb LEU232 EDO Packing score: -1.945128 Hbond score: 0.000000
RT 0.0108145 0.557986 -0.82978 -0.768653 -0.526129 -0.363814 -0.639575 0.641747 0.423208 0.931541 3.69161 -2.59314  
SINGLE   GLN   OE1   CD   NE2   LG1   OH   CH1   CH2 ### REMARK 4kff_GOL.pdb GLN70 GOL Packing score: -1.059666 Hbond score: 0.000000
RT 0.930337 -0.365249 -0.0326594 0.1934 0.41304 0.889941 -0.31156 -0.834261 0.454905 -5.08355 1.48009 -0.726039  
SINGLE   ARG   NH1   CZ   NH2   LG1   OOC   COO   aroC ### REMARK 2ya8_G39.pdb ARG706 G39 Packing score: -1.302003 Hbond score: 0.000000
RT -0.986876 -0.0788276 -0.140933 -0.0855129 0.995451 0.0420172 0.13698 0.0535174 -0.989127 2.07561 3.48511 0.393464  
SINGLE   TYR   CE1   CZ   CE2   LG1   OH   CH2   CH2 ### REMARK 6q94_EDO.pdb TYR323 EDO Packing score: -1.161298 Hbond score: 0.000000
RT 0.993182 0.0183035 -0.115128 0.0455823 0.847991 0.528047 0.107292 -0.529694 0.841375 2.04091 -4.68367 0.564225  
SINGLE   VAL   CG1   CB   CG2   LG1   CH2   aroC   aroC ### REMARK 3d1g_322.pdb VAL247 322 Packing score: -3.981867 Hbond score: 0.000000
RT -0.685987 0.52 0.508941 0.597041 0.0024728 0.802207 0.415889 0.854162 -0.312158 1.015 4.08924 -1.45958  
SINGLE   LYS   NZ   CE   CD   LG1   OOC   COO   CH3 ### REMARK 5g5h_ACT.pdb LYS94 ACT Packing score: -1.502188 Hbond score: 0.000000
RT -0.0806459 -0.580503 0.810255 -0.995404 0.089019 -0.035297 -0.0516381 -0.809378 -0.585014 -1.80882 -3.14107 1.67577  
SINGLE   VAL   CG1   CB   CG2   LG1   Cl   aroC   aroC ### REMARK 2vx3_D15.pdb VAL173 D15 Packing score: -3.688260 Hbond score: 0.000000
RT -0.359334 -0.354759 -0.863148 0.170485 -0.934315 0.313035 -0.917504 -0.0346694 0.396212 -3.66669 2.96908 0.616175  
SINGLE   SER   OG   CB   CA   LG1   OOC   COO   CH2 ### REMARK 3wnq_HXT.pdb SER46 HXT Packing score: -1.037664 Hbond score: 0.000000
RT -0.909003 0.313008 -0.275208 -0.398886 -0.46189 0.792179 0.120842 0.82987 0.544714 3.65679 -2.00706 -1.21291  
SINGLE   TRP   CG   CD2   CE2   LG1   CH2   OH   CH2 ### REMARK 6i60_PGE.pdb TRP506 PGE Packing score: -5.158462 Hbond score: 0.000000
RT 0.357439 -0.825876 -0.43608 0.900714 0.428269 -0.0728009 0.246884 -0.366761 0.896959 0.728191 -0.709837 -3.75661  
SINGLE   TYR   CE1   CZ   CE2   LG1   CH2   CH2   CH2 ### REMARK 6ene_C8E.pdb TYR302 C8E Packing score: -3.750413 Hbond score: 0.000000
RT 0.322095 0.598962 0.733144 -0.849687 0.524399 -0.0551254 -0.417477 -0.605187 0.677836 -0.632602 -0.316274 4.43213  
SINGLE   VAL   CG1   CB   CG2   LG1   Ntrp   aroC   aroC ### REMARK 2x4f_16X.pdb VAL183 16X Packing score: -1.361076 Hbond score: 0.000000
RT -0.24613 -0.0418491 0.968333 0.847131 0.476151 0.235901 -0.470945 0.878367 -0.0817434 -1.89773 -3.53987 2.54283  
SINGLE   LEU   CD1   CG   CD2   LG1   ONH2   COO   NH2O ### REMARK 1dqa_NAP.pdb LEU862 NAP Packing score: -1.128720 Hbond score: 0.000000
RT -0.770749 -0.184796 -0.609751 0.466272 -0.8158 -0.342143 -0.434208 -0.548016 0.714942 0.728811 1.95143 4.3221  
SINGLE   VAL   CG1   CB   CG2   LG1   aroC   aroC   CH3 ### REMARK 4uzi_HEM.pdb VAL253 HEM Packing score: -1.236025 Hbond score: 0.000000
RT 0.0671341 -0.541655 0.837916 0.49691 0.746399 0.442684 -0.865201 0.386649 0.319263 5.10229 1.50954 -0.688106  
SINGLE   PHE   CE1   CZ   CE2   LG1   CH2   CH2   OH ### REMARK 4e0u_EDO.pdb PHE437 EDO Packing score: -1.362711 Hbond score: 0.000000
RT 0.205999 -0.241697 0.948234 -0.912965 0.30132 0.27514 -0.352222 -0.922382 -0.158589 -3.69987 -0.243245 1.28318  
SINGLE   CYS   SG   CB   CA   LG1   aroC   aroC   aroC ### REMARK 1sqq_HEM.pdb CYS40 HEM Packing score: -2.822631 Hbond score: 0.000000
RT -0.703571 0.623548 0.340845 -0.349814 0.1136 -0.929906 -0.618561 -0.773487 0.1382 1.13227 -3.43864 -0.787674  
SINGLE   LYS   NZ   CE   CD   LG1   OH   CH2   CH2 ### REMARK 4oi9_EDO.pdb LYS365 EDO Packing score: -1.813547 Hbond score: 0.000000
RT 0.705929 -0.708106 0.0158178 0.479091 0.493828 0.725676 -0.521667 -0.504697 0.687855 -0.106529 1.01749 4.2514  
SINGLE   SER   OG   CB   CA   LG1   OH   CH2   CH2 ### REMARK 6j1r_EDO.pdb SER26 EDO Packing score: -1.056900 Hbond score: 0.000000
RT 0.914166 -0.359404 0.187427 0.223176 0.0602948 -0.972912 0.338367 0.931232 0.13533 1.57974 0.482635 2.72033  
SINGLE   TYR   CE1   CZ   CE2   LG1   OOC   S   OOC ### REMARK 6rcm_SO4.pdb TYR307 SO4 Packing score: -1.249356 Hbond score: 0.000000
RT 0.1269 -0.863687 0.487792 -0.743616 -0.408289 -0.529466 0.656453 -0.295541 -0.694064 -0.727396 6.44957 1.50843  
SINGLE   TRP   CG   CD2   CE2   LG1   CH2   CH2   CH2 ### REMARK 3rvy_PX4.pdb TRP1159 PX4 Packing score: -5.603239 Hbond score: 0.000000
RT 0.921226 -0.374144 -0.10658 0.184407 0.661201 -0.727192 0.342546 0.650254 0.67811 2.12893 -2.32261 -3.43191  
SINGLE   CYS   SG   CB   CA   LG1   CH2   CH2   CH2 ### REMARK 6nmf_CDL.pdb CYS31 CDL Packing score: -1.934415 Hbond score: 0.000000
RT -0.65165 -0.506197 -0.564904 0.576327 -0.814619 0.0651336 -0.493152 -0.283126 0.822582 5.65834 -1.02194 1.86905  
SINGLE   PHE   CE1   CZ   CE2   LG1   aroC   aroC   aroC ### REMARK 3fep_LMC.pdb PHE15 LMC Packing score: -1.608630 Hbond score: 0.000000
RT -0.92351 0.0390345 0.381584 0.0552417 0.997973 0.0316073 -0.379576 0.0502689 -0.923794 -0.54324 -0.870281 3.46999  
SINGLE   GLU   OE1   CD   OE2   LG1   CH2   CH2   OH ### REMARK 6myi_EDO.pdb GLU115 EDO Packing score: -1.191246 Hbond score: 0.000000
RT -0.209146 0.709456 0.673001 0.701089 0.588566 -0.402573 -0.681713 0.387637 -0.620488 -3.58516 1.85524 -0.062738  
SINGLE   LEU   CD1   CG   CD2   LG1   aroC   aroC   CH2 ### REMARK 3sap_E2I.pdb LEU204 E2I Packing score: -1.817017 Hbond score: 0.000000
RT -0.870685 -0.464342 0.162157 -0.489881 0.848136 -0.201696 -0.0438753 -0.255051 -0.965932 5.1717 -0.610719 2.49065  
SINGLE   GLU   OE1   CD   OE2   LG1   OOC   CH1   CH1 ### REMARK 3red_FAD.pdb GLU55 FAD Packing score: -1.805251 Hbond score: 0.000000
RT -0.499094 -0.57885 -0.644854 -0.61528 -0.287294 0.734093 -0.610193 0.763148 -0.212768 2.71169 3.51048 -0.0108042  
SINGLE   HIS   ND1   CE1   NE2   LG1   OH   CH1   CH2 ### REMARK 4fuf_GOL.pdb HIS22 GOL Packing score: -2.032952 Hbond score: 0.000000
RT 0.245013 0.961174 0.126935 0.13475 0.0958941 -0.986229 -0.96011 0.258743 -0.106023 2.71429 -2.28034 1.50416  
SINGLE   PHE   CE1   CZ   CE2   LG1   Nhis   COO   ONH2 ### REMARK 6s5k_KWE.pdb PHE349 KWE Packing score: -1.078740 Hbond score: 0.000000
RT -0.42086 0.789954 0.445925 -0.699144 0.0307495 -0.714319 -0.577992 -0.612394 0.539351 -4.18235 -0.00391493 -1.7612  
SINGLE   LYS   NZ   CE   CD   LG1   CH2   CH2   CH2 ### REMARK 3miu_HEZ.pdb LYS77 HEZ Packing score: -1.767087 Hbond score: 0.000000
RT 0.856399 0.278472 0.434781 0.487728 -0.712633 -0.504257 0.169417 0.6439 -0.746117 -4.48695 5.02122 -0.996056  
SINGLE   ARG   NH1   CZ   NH2   LG1   CH2   CH2   OH ### REMARK 4kxu_EDO.pdb ARG591 EDO Packing score: -1.684542 Hbond score: 0.000000
RT -0.166588 0.932405 0.320731 -0.970773 -0.212085 0.112338 0.172767 -0.292643 0.940485 1.56288 0.851423 3.58357  
SINGLE   HIS   ND1   CE1   NE2   LG1   aroC   aroC   CH3 ### REMARK 1z1n_HEC.pdb HIS133 HEC Packing score: -1.670319 Hbond score: 0.000000
RT 0.834443 0.12102 0.537643 -0.247916 -0.788864 0.562344 0.492182 -0.602534 -0.628259 2.53633 5.34009 2.50084  
SINGLE   LEU   CD1   CG   CD2   LG1   aroC   aroC   aroC ### REMARK 4xb4_45D.pdb LEU107 45D Packing score: -2.841536 Hbond score: 0.000000
RT -0.909592 0.385312 -0.155487 -0.270286 -0.832921 -0.482895 -0.315574 -0.397212 0.861763 2.26376 3.16413 -3.07151  
SINGLE   THR   OG1   CB   CG2   LG1   CH2   CH2   aroC ### REMARK 5b1a_PGV.pdb THR80 PGV Packing score: -1.239567 Hbond score: 0.000000
RT 0.0367722 0.137747 -0.989785 -0.688084 -0.714777 -0.125038 -0.724699 0.685653 0.0684974 -2.32516 5.66484 2.61773  
SINGLE   THR   OG1   CB   CG2   LG1   ONH2   COO   NH2O ### REMARK 4exa_NAP.pdb THR67 NAP Packing score: -1.050567 Hbond score: 0.000000
RT 0.384885 0.0492987 0.921647 -0.401771 0.907947 0.119216 -0.830929 -0.416176 0.369262 2.34226 -3.61431 -0.18105  
SINGLE   MET   CG   SD   CE   LG1   OOC   COO   Oaro ### REMARK 4p3n_2CR.pdb MET411 2CR Packing score: -4.626326 Hbond score: 0.000000
RT -0.606318 0.466898 0.643727 0.519127 -0.38082 0.765169 0.6024 0.798112 -0.0114815 -3.38766 3.86285 1.78672  
SINGLE   GLN   OE1   CD   NE2   LG1   Ntrp   COO   ONH2 ### REMARK 6czk_NAG.pdb GLN166 NAG Packing score: -1.576363 Hbond score: 0.000000
RT 0.442393 -0.807033 0.391135 -0.74813 -0.572607 -0.335294 0.49456 -0.144289 -0.857083 0.126915 -3.53811 3.27993  
SINGLE   THR   OG1   CB   CG2   LG1   CH2   CH2   OH ### REMARK 2y5d_P6G.pdb THR297 P6G Packing score: -1.277089 Hbond score: 0.000000
RT -0.315913 0.50633 0.802389 -0.655711 -0.727747 0.201066 0.685742 -0.462616 0.561911 2.86149 3.45338 1.14402  
SINGLE   ASN   OD1   CG   ND2   LG1   OOC   Phos   OOC ### REMARK 5td7_PO4.pdb ASN577 PO4 Packing score: -1.078613 Hbond score: 0.000000
RT -0.80312 0.550201 -0.228641 0.166099 -0.161783 -0.972747 -0.572197 -0.81921 0.0385434 -5.11962 0.412034 0.423145  
SINGLE   ARG   NH1   CZ   NH2   LG1   CH1   CH2   OH ### REMARK 6wpi_GOL.pdb ARG544 GOL Packing score: -1.070634 Hbond score: 0.000000
RT 0.790014 0.504364 -0.34856 0.401645 -0.855311 -0.327298 -0.463205 0.118573 -0.878284 2.62102 3.28807 -0.404643  
SINGLE   THR   OG1   CB   CG2   LG1   OOC   CH1   COO ### REMARK 1jqi_CAA.pdb THR571 CAA Packing score: -1.569277 Hbond score: 0.000000
RT -0.67389 -0.210781 0.708127 -0.106027 0.976111 0.189648 -0.731184 0.0527215 -0.68014 1.44213 -0.895736 3.9636  
SINGLE   ARG   NH1   CZ   NH2   LG1   Phos   OH   Mg2p ### REMARK 5imn_POP.pdb ARG169 POP Packing score: -1.681560 Hbond score: 0.000000
RT 0.636083 -0.116404 0.76279 0.383747 -0.809913 -0.443597 0.66943 0.574883 -0.470502 -1.1866 3.71018 -0.775459  
SINGLE   TYR   CE1   CZ   CE2   LG1   aroC   aroC   aroC ### REMARK 5v8x_NAD.pdb TYR320 NAD Packing score: -1.765483 Hbond score: 0.000000
RT 0.102181 -0.98136 0.16276 0.78948 -0.0195421 -0.613465 0.605211 0.191181 0.772768 0.141211 1.87744 3.82896  
SINGLE   GLU   OE1   CD   OE2   LG1   OH   CH2   CH2 ### REMARK 5a1f_EDO.pdb GLU631 EDO Packing score: -2.363795 Hbond score: 0.000000
RT 0.608133 -0.685417 -0.40047 0.698759 0.701586 -0.139687 0.376709 -0.194884 0.9056 1.45884 -0.383764 -2.98656  
SINGLE   SER   OG   CB   CA   LG1   CH2   CH2   CH2 ### REMARK 5ee7_OLA.pdb SER150 OLA Packing score: -1.867853 Hbond score: 0.000000
RT -0.262413 0.732876 0.62772 -0.0577411 0.637426 -0.768345 -0.963227 -0.237869 -0.124952 4.1324 -2.23109 1.70054  
SINGLE   HIS   ND1   CE1   NE2   LG1   CH2   OH   CH2 ### REMARK 4iox_PEG.pdb HIS595 PEG Packing score: -1.843692 Hbond score: 0.000000
RT 0.139053 0.987181 -0.078347 -0.574539 0.144861 0.805556 0.806579 -0.0670012 0.587317 -2.51834 4.86685 -0.190918  
SINGLE   ILE   CG1   CB   CG2   LG1   aroC   aroC   aroC ### REMARK 1nz4_HEM.pdb ILE107 HEM Packing score: -2.675715 Hbond score: 0.000000
RT 0.444064 0.894857 0.0451354 -0.0350712 0.0676956 -0.997089 -0.895308 0.441189 0.0614449 1.57593 4.26369 -2.24963  
SINGLE   TYR   CE1   CZ   CE2   LG1   OOC   COO   CH1 ### REMARK 3hof_DHC.pdb TYR95 DHC Packing score: -1.744892 Hbond score: 0.000000
RT 0.940026 0.324552 0.104967 0.250874 -0.866318 0.43192 0.231115 -0.379683 -0.895783 0.671218 4.18737 -3.73186  
SINGLE   LYS   NZ   CE   CD   LG1   OOC   Phos   OH ### REMARK 6bu0_IHP.pdb LYS1606 IHP Packing score: -1.446965 Hbond score: 0.000000
RT -0.265319 0.0663465 0.961875 -0.803565 0.536092 -0.258629 -0.532813 -0.841548 -0.0889216 3.74487 3.46245 0.055619  
SINGLE   GLU   OE1   CD   OE2   LG1   OOC   S   OOC ### REMARK 2g0e_SO4.pdb GLU57 SO4 Packing score: -1.047294 Hbond score: 0.000000
RT -0.156867 -0.680815 -0.715461 -0.3252 -0.648424 0.688325 -0.932544 0.340643 -0.119685 3.68055 -0.822269 -2.52412  
SINGLE   LYS   NZ   CE   CD   LG1   OH   CH1   CH2 ### REMARK 4kjd_GOL.pdb LYS34 GOL Packing score: -1.030633 Hbond score: 0.000000
RT -0.835063 -0.120014 -0.536904 -0.0811844 -0.93835 0.336018 -0.544131 0.324185 0.773838 3.80155 2.38697 2.49269  
SINGLE   ASN   OD1   CG   ND2   LG1   OOC   COO   COO ### REMARK 3tht_AKG.pdb ASN227 AKG Packing score: -1.212061 Hbond score: 0.000000
RT -0.310994 -0.551829 0.773801 -0.118934 -0.785178 -0.607742 0.942941 -0.281036 0.178554 2.53306 2.66829 -2.93332  
SINGLE   ILE   CG1   CB   CG2   LG1   CH2   CH2   OH ### REMARK 1y4k_EDO.pdb ILE487 EDO Packing score: -1.396177 Hbond score: 0.000000
RT 0.871638 -0.219793 0.438108 0.191371 0.975486 0.108645 -0.451248 -0.0108577 0.892333 1.70115 -0.851475 -3.69701  
SINGLE   TYR   CE1   CZ   CE2   LG1   OH   CH1   CH2 ### REMARK 3gm8_GOL.pdb TYR171 GOL Packing score: -1.356399 Hbond score: 0.000000
RT -0.0829802 -0.296822 0.951321 0.866806 -0.492498 -0.0780562 0.491693 0.818133 0.298155 -3.01683 -2.4635 -1.40103  
SINGLE   MET   CG   SD   CE   LG1   CH2   COO   OOC ### REMARK 2xd6_XD6.pdb MET84 XD6 Packing score: -4.196680 Hbond score: 0.000000
RT 0.378039 0.193348 0.905375 0.741997 0.521563 -0.421203 -0.553649 0.831016 0.053708 -2.4027 -0.802023 3.802  
SINGLE   TYR   CE1   CZ   CE2   LG1   OH   CH2   CH2 ### REMARK 6qnk_EDO.pdb TYR120 EDO Packing score: -1.223097 Hbond score: 0.000000
RT -0.542221 -0.379678 0.749561 -0.686159 0.714966 -0.134203 -0.484956 -0.587085 -0.648188 5.35431 -1.85303 -0.0903155  
SINGLE   ARG   NH1   CZ   NH2   LG1   CH2   CH2   CH2 ### REMARK 6wuw_MYR.pdb ARG10 MYR Packing score: -2.572751 Hbond score: 0.000000
RT -0.174693 -0.606318 -0.775797 0.835655 -0.507998 0.20885 -0.520733 -0.611814 0.595417 1.66953 -4.06852 4.34573  
SINGLE   HIS   ND1   CE1   NE2   LG1   ONH2   COO   Ntrp ### REMARK 4k4e_K4E.pdb HIS1184 K4E Packing score: -1.816436 Hbond score: 0.000000
RT 0.898979 -0.430659 -0.0798129 0.216455 0.595251 -0.773837 0.380768 0.678387 0.628336 -2.03317 -3.65235 -0.836061  
SINGLE   VAL   CG1   CB   CG2   LG1   CH2   COO   OOC ### REMARK 1z1q_CR0.pdb VAL68 CR0 Packing score: -2.388561 Hbond score: 0.000000
RT 0.136658 0.801463 -0.582221 0.651022 -0.515653 -0.557021 -0.746656 -0.302918 -0.592238 0.667578 -0.255918 -3.37987  
SINGLE   TRP   CG   CD2   CE2   LG1   CH2   OH   CH2 ### REMARK 4mae_15P.pdb TRP298 15P Packing score: -5.178021 Hbond score: 0.000000
RT 0.751575 -0.635692 0.176154 0.309568 0.10409 -0.945163 0.582497 0.764892 0.275021 2.69854 -1.84344 -2.39223  
SINGLE   PRO   CG   CD   NV   LG1   OH   CH2   CH2 ### REMARK 4rn3_EDO.pdb PRO42 EDO Packing score: -1.005841 Hbond score: 0.000000
RT -0.614626 0.566138 0.549293 -0.201276 -0.785855 0.584739 0.762708 0.248836 0.596957 1.71756 0.861677 -4.26552  
SINGLE   ILE   CG1   CB   CG2   LG1   OOC   Phos   OH ### REMARK 3b20_NAD.pdb ILE13 NAD Packing score: -4.663296 Hbond score: 0.000000
RT -0.862863 -0.498395 -0.0840869 -0.202894 0.493916 -0.845507 0.462928 -0.712495 -0.527303 3.82834 -2.8573 -0.515342  
SINGLE   ASN   OD1   CG   ND2   LG1   CH3   CH1   OH ### REMARK 3bvf_IPA.pdb ASN102 IPA Packing score: -1.464271 Hbond score: 0.000000
RT -0.359876 -0.773631 -0.52152 -0.808526 -0.0203469 0.588108 -0.46559 0.633309 -0.618179 3.08933 1.98075 -2.15945  
SINGLE   ASP   OD1   CG   OD2   LG1   CH1   CH1   COO ### REMARK 1iiq_0ZR.pdb ASP29 0ZR Packing score: -2.617417 Hbond score: 0.000000
RT 0.601728 -0.586854 0.54178 -0.0425714 0.653797 0.755472 -0.797566 -0.477653 0.368424 -3.3454 1.47884 -0.934899  
SINGLE   TYR   CE1   CZ   CE2   LG1   aroC   aroC   OH ### REMARK 1hk1_T44.pdb TYR150 T44 Packing score: -2.142043 Hbond score: 0.000000
RT 0.200435 0.567269 -0.798769 0.44139 0.675593 0.59055 0.874643 -0.470935 -0.114974 -4.13737 -0.681409 1.71612  
SINGLE   ILE   CG1   CB   CG2   LG1   CH2   OH   CH2 ### REMARK 2ovj_7PE.pdb ILE521 7PE Packing score: -1.076213 Hbond score: 0.000000
RT 0.115648 0.973397 0.197797 -0.794398 -0.0289039 0.606709 0.596286 -0.227294 0.769922 -3.63462 4.29932 0.703097  
SINGLE   TYR   CE1   CZ   CE2   LG1   OOC   S   OOC ### REMARK 2h12_SO4.pdb TYR430 SO4 Packing score: -1.350364 Hbond score: 0.000000
RT 0.866807 0.121299 -0.483666 -0.302065 -0.644007 -0.70286 -0.396741 0.755342 -0.521589 -4.19355 -1.34227 -0.496527  
SINGLE   TYR   CE1   CZ   CE2   LG1   aroC   aroC   aroC ### REMARK 1ywa_HEM.pdb TYR28 HEM Packing score: -2.530494 Hbond score: 0.000000
RT 0.523803 0.364005 0.77015 0.57196 0.519703 -0.634642 -0.631262 0.772923 0.0640258 0.0780666 0.961707 -4.31144  
SINGLE   ALA   CB   CA   N   LG1   Nhis   aroC   aroC ### REMARK 4js8_1PF.pdb ALA551 1PF Packing score: -1.327102 Hbond score: 0.000000
RT -0.264429 0.412567 -0.871703 0.874247 -0.279048 -0.397271 -0.407148 -0.867134 -0.286897 5.02854 -0.159207 0.884522  
SINGLE   HIS   ND1   CE1   NE2   LG1   OOC   S   OOC ### REMARK 3s29_SO4.pdb HIS716 SO4 Packing score: -1.620247 Hbond score: 0.000000
RT -0.597352 0.496601 0.629728 0.421661 0.862405 -0.280108 -0.682182 0.0982085 -0.724557 4.98897 -1.66155 0.0589615  
SINGLE   ASP   OD1   CG   OD2   LG1   OH   CH2   CH1 ### REMARK 3h53_GOL.pdb ASP43 GOL Packing score: -1.190693 Hbond score: 0.000000
RT -0.0146447 0.523104 0.852143 -0.977175 -0.18812 0.0986877 0.211929 -0.831248 0.51392 -0.827539 1.68611 -3.32216  
SINGLE   PHE   CE1   CZ   CE2   LG1   CH2   CH1   CH2 ### REMARK 2boz_BCL.pdb PHE97 BCL Packing score: -3.468763 Hbond score: 0.000000
RT 0.143353 0.961526 -0.234346 0.968428 -0.185086 -0.167007 -0.203956 -0.203006 -0.957701 1.33193 -3.27881 -2.83945  
SINGLE   ARG   NH1   CZ   NH2   LG1   OOC   S   OOC ### REMARK 2fa7_SO4.pdb ARG570 SO4 Packing score: -1.686799 Hbond score: 0.000000
RT 0.52097 0.0480919 -0.852219 0.731715 0.488944 0.474896 0.439526 -0.870988 0.219536 -4.42004 -1.68015 -1.06711  
SINGLE   GLN   OE1   CD   NE2   LG1   OH   CH2   CH2 ### REMARK 5gsm_PEG.pdb GLN188 PEG Packing score: -1.035509 Hbond score: 0.000000
RT -0.914739 0.388587 -0.110688 0.23013 0.275901 -0.93323 -0.332103 -0.879135 -0.341803 -0.167783 1.15664 -3.55767  
SINGLE   LEU   CD1   CG   CD2   LG1   OH   CH2   CH2 ### REMARK 2cjs_EDO.pdb LEU69 EDO Packing score: -1.145169 Hbond score: 0.000000
RT 0.658977 -0.642851 0.390502 -0.699838 -0.714284 0.00511872 0.275638 -0.276661 -0.920588 -0.156561 2.01224 4.21107  
SINGLE   LYS   NZ   CE   CD   LG1   OH   Phos   OH ### REMARK 6npa_KVP.pdb LYS113 KVP Packing score: -1.471175 Hbond score: 0.000000
RT -0.392982 -0.80548 0.443583 0.738425 0.0110448 0.674246 -0.547991 0.59252 0.590446 3.15223 -0.296823 3.34261  
SINGLE   ARG   NH1   CZ   NH2   LG1   CH2   CH2   OH ### REMARK 2r0d_PEG.pdb ARG283 PEG Packing score: -1.358969 Hbond score: 0.000000
RT 0.252429 0.104412 -0.961966 0.433698 -0.900916 0.0160212 -0.864977 -0.421247 -0.272701 -3.89824 2.26014 -0.0285155  
SINGLE   HIS   ND1   CE1   NE2   LG1   aroC   COO   OH ### REMARK 3s2z_DHC.pdb HIS225 DHC Packing score: -1.371342 Hbond score: 0.000000
RT 0.0484777 0.92408 -0.379112 -0.263376 0.377951 0.887573 0.963474 0.0568214 0.261703 -3.75359 1.96151 0.502092  
SINGLE   LYS   NZ   CE   CD   LG1   NH2O   S   OH ### REMARK 5iev_R0N.pdb LYS89 R0N Packing score: -2.921804 Hbond score: 0.000000
RT -0.0892986 -0.968043 -0.234348 0.737359 -0.222428 0.63783 -0.669573 -0.115841 0.733658 1.32344 4.53234 1.99929  
SINGLE   ILE   CG1   CB   CG2   LG1   CH1   CH1   OH ### REMARK 4x5q_3XN.pdb ILE52 3XN Packing score: -3.298071 Hbond score: 0.000000
RT -0.0398365 -0.855665 0.515995 -0.766893 0.357222 0.533168 -0.640538 -0.374473 -0.670434 7.82461 -1.1773 0.0170782  
SINGLE   ARG   NH1   CZ   NH2   LG1   CH1   CH2   OH ### REMARK 1jub_GOL.pdb ARG238 GOL Packing score: -1.602228 Hbond score: 0.000000
RT -0.636538 -0.115428 0.762559 0.378998 -0.907934 0.178931 0.6717 0.402905 0.621681 2.32454 3.28852 -0.635813  
SINGLE   PHE   CE1   CZ   CE2   LG1   COO   CH1   Nhis ### REMARK 5u0z_7PM.pdb PHE190 7PM Packing score: -2.852422 Hbond score: 0.000000
RT 0.941905 0.259181 -0.213637 0.165384 0.195726 0.966612 0.292342 -0.945789 0.141491 1.39049 -3.4486 1.30372  
SINGLE   ASP   OD1   CG   OD2   LG1   OOC   COO   COO ### REMARK 3ath_AKG.pdb ASP237 AKG Packing score: -1.607706 Hbond score: 0.000000
RT -0.199591 -0.467395 0.861223 -0.979551 0.117938 -0.163007 -0.0253824 -0.876146 -0.481377 -1.09428 1.19564 4.7828  
SINGLE   ASN   OD1   CG   ND2   LG1   CH1   OH   CH1 ### REMARK 4i3r_NAG.pdb ASN301 NAG Packing score: -3.887910 Hbond score: 0.000000
RT 0.0820733 -0.149171 -0.985399 -0.979037 -0.197006 -0.0517204 -0.186415 0.968987 -0.162213 -0.180672 5.8096 1.5047  
SINGLE   PHE   CE1   CZ   CE2   LG1   OH   CH2   CH2 ### REMARK 6d0v_EDO.pdb PHE9 EDO Packing score: -1.413441 Hbond score: 0.000000
RT 0.158117 0.201298 -0.966684 -0.98301 0.124512 -0.13486 0.0932168 0.971584 0.217566 -1.27603 4.79981 -3.49409  
SINGLE   LEU   CD1   CG   CD2   LG1   aroC   Nhis   aroC ### REMARK 6fwh_5LD.pdb LEU100 5LD Packing score: -2.232384 Hbond score: 0.000000
RT 0.86172 0.0831265 -0.500529 -0.452232 -0.321454 -0.831957 -0.230055 0.943269 -0.239411 2.1305 4.01842 0.876557  
SINGLE   LEU   CD1   CG   CD2   LG1   aroC   aroC   aroC ### REMARK 3cft_5NS.pdb LEU17 5NS Packing score: -2.311075 Hbond score: 0.000000
RT -0.937511 0.33681 -0.0873671 -0.230626 -0.789488 -0.568788 -0.260549 -0.513096 0.817831 3.59273 -2.99245 2.37347  
SINGLE   ASP   OD1   CG   OD2   LG1   aroC   Ntrp   aroC ### REMARK 3ps4_IMD.pdb ASP1018 IMD Packing score: -1.288078 Hbond score: 0.000000
RT 0.185826 0.243615 -0.951904 -0.582448 0.807535 0.0929647 0.791343 0.537159 0.291954 0.933623 2.91936 1.32472  
SINGLE   ILE   CG1   CB   CG2   LG1   OH   COO   OOC ### REMARK 5is8_6D1.pdb ILE198 6D1 Packing score: -1.060368 Hbond score: 0.000000
RT 0.348544 0.913238 0.210983 -0.825625 0.405695 -0.392115 -0.443689 -0.0375235 0.895395 -2.80951 3.84249 -1.25842  
SINGLE   TYR   CE1   CZ   CE2   LG1   OOC   COO   OOC ### REMARK 5z9z_FLC.pdb TYR352 FLC Packing score: -1.714377 Hbond score: 0.000000
RT -0.552855 0.551432 -0.624719 -0.315241 0.555582 0.769384 0.771346 0.622295 -0.133323 -0.907216 5.89407 -1.96455  
SINGLE   ASN   OD1   CG   ND2   LG1   CH2   CH2   OH ### REMARK 3p8b_BME.pdb ASN30 BME Packing score: -1.107969 Hbond score: 0.000000
RT 0.669314 -0.374698 0.641577 0.737787 0.233271 -0.633447 0.0876902 0.897322 0.432578 -2.20079 2.25764 -2.89984  
SINGLE   LEU   CD1   CG   CD2   LG1   OOC   CH1   CH1 ### REMARK 6abu_FAD.pdb LEU256 FAD Packing score: -3.699963 Hbond score: 0.000000
RT 0.944499 0.0949644 -0.314489 -0.117278 0.991697 -0.0527614 0.306868 0.0867157 0.947794 -1.65312 -0.844929 -5.19583  
SINGLE   PHE   CE1   CZ   CE2   LG1   CH2   Nhis   aroC ### REMARK 6tge_H4M.pdb PHE18 H4M Packing score: -8.256226 Hbond score: 0.000000
RT 0.99284 -0.118286 -0.0166789 -0.0653271 -0.420742 -0.904825 0.10001 0.899436 -0.425457 -3.4066 0.234238 -3.0086  
SINGLE   TRP   CG   CD2   CE2   LG1   CH2   CH2   OH ### REMARK 1xme_BNG.pdb TRP107 BNG Packing score: -5.864162 Hbond score: 0.000000
RT 0.76002 -0.587863 0.277103 -0.568031 -0.393705 0.722729 -0.315769 -0.706692 -0.633149 2.8541 -1.01709 -3.46723  
SINGLE   ASP   OD1   CG   OD2   LG1   OOC   Phos   OOC ### REMARK 3gxd_PO4.pdb ASP358 PO4 Packing score: -1.130057 Hbond score: 0.000000
RT 0.563044 -0.14821 0.813028 -0.350936 -0.933561 0.0728507 0.748215 -0.326339 -0.577648 -0.875567 -3.79989 -2.99172  
SINGLE   TRP   CG   CD2   CE2   LG1   OOC   Phos   OOC ### REMARK 5z75_PO4.pdb TRP274 PO4 Packing score: -1.117802 Hbond score: 0.000000
RT 0.147827 -0.863028 -0.483042 -0.654783 -0.451442 0.606184 -0.74122 0.226678 -0.631831 -6.38069 0.678249 1.9812  
SINGLE   PRO   CG   CD   NV   LG1   OOC   S   OOC ### REMARK 1h1t_SO4.pdb PRO40 SO4 Packing score: -1.326449 Hbond score: 0.000000
RT 0.406024 -0.0122784 -0.91378 -0.630098 0.720469 -0.289655 0.661907 0.693378 0.284791 0.303607 -0.43852 -3.92253  
SINGLE   ILE   CG1   CB   CG2   LG1   Cl   aroC   aroC ### REMARK 4bvb_OCZ.pdb ILE291 OCZ Packing score: -1.231352 Hbond score: 0.000000
RT -0.278719 0.68209 0.676069 -0.736657 0.299809 -0.606177 -0.616159 -0.666984 0.418904 -1.50038 4.72422 -1.22968  
SINGLE   TYR   CE1   CZ   CE2   LG1   OH   CH1   CH2 ### REMARK 4jdb_GOL.pdb TYR58 GOL Packing score: -1.375154 Hbond score: 0.000000
RT 0.608564 -0.068146 -0.790573 0.78788 0.170308 0.59181 0.0943117 -0.983032 0.157334 0.442354 4.48808 4.76417  
SINGLE   ARG   NH1   CZ   NH2   LG1   OH   Phos   OH ### REMARK 1oqn_I3P.pdb ARG1124 I3P Packing score: -1.459761 Hbond score: 0.000000
RT 0.205965 -0.978485 -0.0120618 -0.824855 -0.166969 -0.540125 0.52649 0.121196 -0.841498 1.95967 4.00886 -1.046  
SINGLE   TYR   CE1   CZ   CE2   LG1   aroC   aroC   Nhis ### REMARK 4iq6_IQ6.pdb TYR134 IQ6 Packing score: -1.360959 Hbond score: 0.000000
RT 0.506755 0.691569 0.514715 -0.801265 0.598127 -0.0147666 -0.318077 -0.40494 0.857234 2.64489 -0.384107 -3.25851  
SINGLE   GLU   OE1   CD   OE2   LG1   CH1   CH1   Nhis ### REMARK 4mhd_SPD.pdb GLU37 SPD Packing score: -1.046703 Hbond score: 0.000000
RT 0.357218 0.578212 0.73353 -0.883554 -0.0454679 0.466118 0.302867 -0.814619 0.494639 1.98892 0.36666 -3.74373  
SINGLE   PHE   CE1   CZ   CE2   LG1   OOC   COO   S ### REMARK 3wvc_ZGP.pdb PHE10 ZGP Packing score: -2.042229 Hbond score: 0.000000
RT -0.704964 0.293795 -0.64553 -0.707437 -0.356179 0.610466 -0.050572 0.887029 0.458935 6.19543 4.26737 -1.50679  
SINGLE   THR   OG1   CB   CG2   LG1   OH   CH1   CH1 ### REMARK 3k88_FAD.pdb THR1048 FAD Packing score: -2.195194 Hbond score: 0.000000
RT 0.732481 0.657587 -0.176213 0.612332 -0.523256 0.592665 0.297524 -0.542017 -0.785937 -2.82253 -3.08523 -2.255  
SINGLE   PHE   CE1   CZ   CE2   LG1   CH2   CH2   CH3 ### REMARK 4uvm_78N.pdb PHE445 78N Packing score: -3.144874 Hbond score: 0.000000
RT -0.27008 0.955745 -0.116659 -0.911779 -0.214942 0.349942 0.30938 0.200879 0.929479 -0.443231 -3.14738 -2.15023  
SINGLE   ASN   OD1   CG   ND2   LG1   OH   CH2   CH2 ### REMARK 4alx_1PE.pdb ASN9 1PE Packing score: -2.083069 Hbond score: 0.000000
RT 0.224595 -0.0361509 0.973781 0.974416 -0.000242611 -0.22475 0.00836117 0.999346 0.0351715 -4.88585 -1.62308 0.371345  
SINGLE   ARG   NH1   CZ   NH2   LG1   CH2   OH   CH3 ### REMARK 1up3_1PG.pdb ARG325 1PG Packing score: -1.644467 Hbond score: 0.000000
RT -0.320542 0.690713 0.648203 -0.210522 0.615249 -0.759703 -0.923544 -0.379978 -0.0518027 -3.81115 -3.24728 -3.35378  
SINGLE   GLU   OE1   CD   OE2   LG1   OH   CH1   CH1 ### REMARK 4nea_NAD.pdb GLU390 NAD Packing score: -1.606095 Hbond score: 0.000000
RT -0.247785 0.578997 -0.776766 -0.656375 0.48939 0.574169 0.712583 0.65212 0.258776 2.83722 -0.273811 -2.95993  
SINGLE   PHE   CE1   CZ   CE2   LG1   CH2   CH2   CH3 ### REMARK 6f13_PLC.pdb PHE303 PLC Packing score: -3.988833 Hbond score: 0.000000
RT 0.852194 0.491455 0.179549 -0.49132 0.633637 0.597585 0.179917 -0.597475 0.781444 -1.69751 -0.755996 0.911721  
SINGLE   VAL   CG1   CB   CG2   LG1   CH1   CH1   OH ### REMARK 6ffw_FMT.pdb VAL101 FMT Packing score: -1.463476 Hbond score: 0.000000
RT 0.610753 0.787143 -0.0859413 -0.790945 0.60137 -0.112963 -0.0372355 0.136967 0.989875 -5.67616 0.751754 -0.800544  
SINGLE   LEU   CD1   CG   CD2   LG1   OH   CH1   CH1 ### REMARK 6u05_GDP.pdb LEU626 GDP Packing score: -1.748226 Hbond score: 0.000000
RT -0.993351 0.11024 0.0331657 0.11509 0.944279 0.308369 0.00267693 0.310136 -0.950688 4.13652 -2.86138 2.44654  
SINGLE   CYS   SG   CB   CA   LG1   OH   CH1   CH2 ### REMARK 1rw4_GOL.pdb CYS97 GOL Packing score: -2.008162 Hbond score: 0.000000
RT -0.230737 -0.794253 0.562069 -0.0557233 0.587495 0.807307 -0.971419 0.154956 -0.179816 1.00905 -4.16927 0.950187  
SINGLE   TYR   CE1   CZ   CE2   LG1   CH2   CH2   NH2O ### REMARK 4ofg_N2P.pdb TYR480 N2P Packing score: -4.284405 Hbond score: 0.000000
RT 0.855367 -0.50391 -0.120093 -0.049514 0.151237 -0.987257 0.515651 0.850413 0.104412 -0.683949 1.17217 3.18471  
SINGLE   ASP   OD1   CG   OD2   LG1   OH   CH1   CH2 ### REMARK 1hw9_SIM.pdb ASP690 SIM Packing score: -1.893923 Hbond score: 0.000000
RT 0.431729 0.751396 0.499012 -0.271331 0.635788 -0.722602 -0.860226 0.176571 0.478365 -4.06588 1.84462 0.628279  
SINGLE   LEU   CD1   CG   CD2   LG1   OH   CH1   CH1 ### REMARK 4yz5_SLT.pdb LEU128 SLT Packing score: -2.611666 Hbond score: 0.000000
RT 0.335259 -0.682521 -0.649435 0.500055 -0.455303 0.736644 -0.798465 -0.57172 0.188654 -2.22519 4.48962 -1.09609  
SINGLE   TYR   CE1   CZ   CE2   LG1   Nhis   CH1   COO ### REMARK 1zh0_NAL.pdb TYR151 NAL Packing score: -1.679677 Hbond score: 0.000000
RT 0.177484 0.426036 0.887126 0.954211 -0.295061 -0.0492038 0.240794 0.855238 -0.458897 -3.51663 -2.72515 -0.927912  
SINGLE   ILE   CG1   CB   CG2   LG1   CH2   CH2   CH2 ### REMARK 5io7_D12.pdb ILE84 D12 Packing score: -1.272863 Hbond score: 0.000000
RT 0.418583 -0.643706 0.640649 -0.431811 -0.761648 -0.483148 0.798954 -0.0744015 -0.596772 4.14423 3.18068 -3.997  
SINGLE   HIS   ND1   CE1   NE2   LG1   OOC   COO   aroC ### REMARK 1lox_RS7.pdb HIS361 RS7 Packing score: -2.940885 Hbond score: 0.000000
RT -0.1948 0.722929 0.662892 0.612311 -0.438341 0.657976 0.766243 0.53407 -0.357269 -1.61441 -3.44181 0.310938  
SINGLE   ALA   CB   CA   N   LG1   OH   CH1   CH1 ### REMARK 3k2b_NAD.pdb ALA120 NAD Packing score: -1.076689 Hbond score: 0.000000
RT -0.394439 -0.656541 0.64294 -0.0403343 -0.686623 -0.725894 0.918037 -0.312253 0.24435 4.8168 0.995622 -2.79595  
SINGLE   PHE   CE1   CZ   CE2   LG1   OH   CH2   CH2 ### REMARK 5kgg_EDO.pdb PHE130 EDO Packing score: -1.043388 Hbond score: 0.000000
RT -0.0543563 0.444736 0.894011 -0.982389 -0.184113 0.0318595 0.178768 -0.876534 0.446911 -4.26447 3.30511 -0.136506  
SINGLE   PRO   CG   CD   NV   LG1   OOC   COO   CH2 ### REMARK 4hnu_BTI.pdb PRO513 BTI Packing score: -2.262193 Hbond score: 0.000000
RT 0.695523 -0.550849 0.461316 -0.294456 -0.804186 -0.516315 0.655395 0.223272 -0.721531 -0.104424 -2.3242 2.10726  
SINGLE   PHE   CE1   CZ   CE2   LG1   OOC   Phos   OOC ### REMARK 4wgj_ANP.pdb PHE100 ANP Packing score: -5.328575 Hbond score: 0.000000
RT 0.453925 0.486796 -0.746312 -0.208082 0.872328 0.442432 0.866403 -0.0455372 0.497265 2.15699 -1.24903 1.5125  
SINGLE   PRO   CG   CD   NV   LG1   OH   CH2   CH2 ### REMARK 5a1s_BOG.pdb PRO73 BOG Packing score: -1.799102 Hbond score: 0.000000
RT -0.418116 -0.0373532 -0.907625 0.901566 -0.139335 -0.409591 -0.111164 -0.989541 0.0919344 0.594716 -3.59399 2.7518  
SINGLE   PHE   CE1   CZ   CE2   LG1   OH   COO   CH2 ### REMARK 4pj0_SQD.pdb PHE16 SQD Packing score: -1.232015 Hbond score: 0.000000
RT 0.194255 -0.980708 0.0218484 0.752968 0.134795 -0.644104 0.628733 0.141571 0.764626 2.75653 6.2225 -2.5505  
SINGLE   HIS   ND1   CE1   NE2   LG1   S   CH1   CH3 ### REMARK 2vcm_M11.pdb HIS214 M11 Packing score: -3.696745 Hbond score: 0.000000
RT -0.629091 0.604985 0.488095 0.183392 -0.494675 0.849508 0.755388 0.623931 0.200246 -1.36438 2.65813 -3.19867  
SINGLE   ASP   OD1   CG   OD2   LG1   aroC   Ntrp   COO ### REMARK 3nhq_BLA.pdb ASP194 BLA Packing score: -2.951093 Hbond score: 0.000000
RT -0.29343 0.955735 -0.0216525 -0.569756 -0.193024 -0.798824 -0.767644 -0.222062 0.601175 3.21549 -1.83929 -1.06256  
SINGLE   VAL   CG1   CB   CG2   LG1   OH   CH1   CH2 ### REMARK 5ctu_MPD.pdb VAL174 MPD Packing score: -1.702617 Hbond score: 0.000000
RT -0.45139 -0.891696 -0.0335307 0.180764 -0.128174 0.975139 -0.873826 0.434107 0.219043 2.64286 2.65602 3.38472  
SINGLE   PHE   CE1   CZ   CE2   LG1   OH   CH1   OH ### REMARK 6cjx_NAG.pdb PHE243 NAG Packing score: -4.995901 Hbond score: 0.000000
RT -0.229662 -0.842581 0.487147 -0.969993 0.157111 -0.185554 0.0798084 -0.515144 -0.85338 1.29824 -0.925708 -3.19355  
SINGLE   PHE   CE1   CZ   CE2   LG1   OH   CH2   CH1 ### REMARK 4db3_GOL.pdb PHE145 GOL Packing score: -1.647946 Hbond score: 0.000000
RT -0.946762 0.121081 -0.298298 -0.131675 0.699891 0.702007 0.293776 0.703912 -0.646687 4.17863 -0.493973 -3.28386  
SINGLE   ASN   OD1   CG   ND2   LG1   Ntrp   CH2   CH2 ### REMARK 5v0p_CO8.pdb ASN254 CO8 Packing score: -2.871590 Hbond score: 0.000000
RT 0.352329 -0.601533 0.716954 0.903872 0.0200884 -0.42733 0.242651 0.798595 0.550787 -2.97383 -0.123925 2.39944  
SINGLE   LYS   NZ   CE   CD   LG1   OOC   S   OOC ### REMARK 4rf0_SO4.pdb LYS1787 SO4 Packing score: -1.467836 Hbond score: 0.000000
RT 0.480606 0.34217 -0.807426 -0.0188695 -0.916487 -0.399619 -0.876733 0.207295 -0.434013 1.375 4.77766 0.389359  
SINGLE   ARG   NH1   CZ   NH2   LG1   OOC   Phos   OOC ### REMARK 3oqv_PO4.pdb ARG91 PO4 Packing score: -2.849224 Hbond score: 0.000000
RT 0.871699 -0.321772 -0.3696 0.255697 0.942065 -0.217099 0.418044 0.0947395 0.903473 -4.15834 -0.386896 0.622252  
SINGLE   ARG   NH1   CZ   NH2   LG1   aroC   aroC   aroC ### REMARK 4ifn_12O.pdb ARG415 12O Packing score: -5.531463 Hbond score: 0.000000
RT 0.72305 0.268958 0.636286 0.407558 0.577613 -0.70729 -0.557759 0.77073 0.308027 -5.20673 0.355362 -0.41557  
SINGLE   ARG   NH1   CZ   NH2   LG1   OH   CH2   CH2 ### REMARK 4c25_EDO.pdb ARG85 EDO Packing score: -1.391213 Hbond score: 0.000000
RT 0.313851 -0.899584 0.303721 -0.937894 -0.343537 -0.0483388 0.147824 -0.269687 -0.951534 -3.3465 -2.23877 3.09044  
SINGLE   ASN   OD1   CG   ND2   LG1   OH   CH1   Nhis ### REMARK 3fi0_AMP.pdb ASN18 AMP Packing score: -1.723792 Hbond score: 0.000000
RT -0.464863 -0.828786 -0.311474 0.776065 -0.212085 -0.593922 0.426175 -0.517816 0.741782 4.49798 -1.01314 -1.59265  
SINGLE   ILE   CG1   CB   CG2   LG1   CH2   OH   CH2 ### REMARK 6frl_MES.pdb ILE39 MES Packing score: -1.499470 Hbond score: 0.000000
RT -0.810584 0.569834 0.135068 -0.575639 -0.732876 -0.362675 -0.107676 -0.371729 0.922075 2.45942 -1.98343 -3.09534  
SINGLE   ILE   CG1   CB   CG2   LG1   OH   CH1   Nhis ### REMARK 5j5p_ANP.pdb ILE98 ANP Packing score: -3.266652 Hbond score: 0.000000
RT -0.640609 -0.747791 -0.174438 -0.491288 0.573741 -0.65533 0.590132 -0.334111 -0.734924 3.14643 3.8698 -0.165777  
SINGLE   VAL   CG1   CB   CG2   LG1   ONH2   COO   Ntrp ### REMARK 4dhy_S41.pdb VAL452 S41 Packing score: -1.541644 Hbond score: 0.000000
RT -0.675579 0.731488 -0.0922943 -0.668044 -0.554352 0.496398 0.311945 0.397012 0.863175 2.80505 1.17012 -3.88619  
SINGLE   MET   CG   SD   CE   LG1   ONH2   COO   aroC ### REMARK 1mkd_ZAR.pdb MET370 ZAR Packing score: -1.688241 Hbond score: 0.000000
RT 0.491072 0.0313127 -0.870556 0.245625 -0.963782 0.103889 -0.835773 -0.264848 -0.480977 3.69123 0.344495 3.07736  
SINGLE   PHE   CE1   CZ   CE2   LG1   aroC   aroC   CH3 ### REMARK 3tf8_HEM.pdb PHE120 HEM Packing score: -1.877640 Hbond score: 0.000000
RT -0.774448 0.487538 0.403159 -0.0402568 -0.673954 0.737676 0.631356 0.555062 0.541569 -4.50225 -1.24644 0.545327  
SINGLE   ASN   OD1   CG   ND2   LG1   OOC   S   OOC ### REMARK 6rce_SO4.pdb ASN153 SO4 Packing score: -1.371921 Hbond score: 0.000000
RT 0.838868 0.455017 -0.298766 0.40953 -0.16599 0.897069 0.358589 -0.874875 -0.325587 -4.39827 1.04153 0.944111  
SINGLE   ASN   OD1   CG   ND2   LG1   Nhis   COO   aroC ### REMARK 5uny_8FD.pdb ASN569 8FD Packing score: -1.390726 Hbond score: 0.000000
RT -0.650432 -0.691383 -0.314529 -0.636262 0.269768 0.72277 -0.414861 0.670236 -0.615366 2.07056 2.86997 -1.57048  
SINGLE   ARG   NH1   CZ   NH2   LG1   CH2   CH1   OH ### REMARK 4r08_NAG.pdb ARG472 NAG Packing score: -1.438516 Hbond score: 0.000000
